0 0.5049342105263158 0.68875 0.07785087719298246 0.0485
0 0.4120065789473684 0.6225 0.02905701754385965 0.004
0 0.6088267543859649 0.68525 0.02905701754385965 0.0105
0 0.45531798245614036 0.79475 0.0356359649122807 0.007
0 0.4251644736842105 0.74175 0.11019736842105263 0.059
0 0.453125 0.56275 0.014802631578947368 0.0055
0 0.3678728070175439 0.46225 0.020833333333333332 0.0075
0 0.40597587719298245 0.263125 0.011513157894736841 0.00425
0 0.40652412280701755 0.899 0.010416666666666666 0.0155
0 0.9317434210526315 0.8725 0.02138157894736842 0.0195
0 0.7724780701754386 0.9515 0.020833333333333332 0.0165
0 0.16639254385964913 0.6275 0.027960526315789474 0.0065
0 0.32922149122807015 0.385375 0.013706140350877192 0.00875
0 0.6559758771929824 0.365125 0.014802631578947368 0.00825
0 0.8697916666666666 0.805375 0.01918859649122807 0.01175
